3 5
4 2
5 4
6 11
7 13
8 7
9 4
10 6
11 13
12 15
13 17
14 19
15 21
16 15
17 55
18 57
19 13
20 15
21 90
22 92
23 94
24 77
25 79
26 81
27 102
28 104
29 106
30 32
31 34
32 112
33 114
34 89
35 91
36 74
37 76
38 78
39 80
40 82
41 84
42 86
43 88
44 117
45 119
46 94
47 123
48 98
49 100
50 72
51 74
52 106
53 108
54 80
55 82
56 84
57 105
58 107
59 90
60 92
61 124
62 96
63 128
64 100
65 102
66 104
67 106
68 138
69 110
70 112
71 114
72 116
73 118
74 120
75 198
76 200
77 202
78 204
79 206
80 208
81 164
82 166
83 168
84 170
85 172
86 163
87 165
88 167
89 180
90 171
91 173
92 148
93 188
94 190
95 192
96 183
97 196
98 198
99 170
100 172
101 250
102 195
103 178
104 180
105 182
106 184
107 186
108 188
109 220
110 222
111 186
112 272
113 274
114 230
115 221
116 234
117 236
118 227
119 229
120 288
121 206
122 208
123 210
124 212
125 214
126 300
127 302
128 258
129 260
130 262
131 310
132 228
133 230
134 232
135 234
136 236
137 238
138 278
139 326
140 282
141 284
142 286
143 288
144 336
145 338
146 294
147 296
148 344
149 346
150 348
151 304
152 306
153 354
154 356
155 312
156 314
157 316
158 318
159 320
160 322
161 324
162 326
163 328
164 330
165 332
166 334
167 336
168 338
169 340
170 342
171 344
172 346
173 348
174 350
175 352
176 354
177 356
178 358
179 360
180 362
181 364
182 366
183 368
184 370
185 372
186 420
187 422
188 378
189 380
190 382
191 384
192 386
193 388
194 390
195 392
196 394
197 396
198 398
199 400
200 402
201 282
202 406
203 408
204 410
205 412
206 414
207 416
208 418
209 420
210 422
211 424
212 426
213 428
214 476
215 478
216 480
217 482
218 530
219 318
220 534
221 536
222 492
223 494
224 450
225 498
226 454
227 502
228 504
229 506
230 508
231 510
232 344
233 514
234 516
235 518
236 520
237 522
238 524
239 526
240 528
241 530
242 532
243 534
244 536
245 538
246 540
247 542
248 544
249 546
250 548
251 550
252 552
253 554
254 556
255 558
256 560
257 562
258 564
259 566
260 568
261 570
262 572
263 574
264 576
265 578
266 580
267 582
268 584
269 540
270 542
271 544
272 546
273 548
274 596
275 598
276 600
277 556
278 558
279 560
280 562
281 564
282 566
283 568
284 570
285 572
286 574
287 576
288 380
289 382
290 582
291 584
292 632
293 588
294 590
295 592
296 594
297 596
298 598
299 600
300 602
301 604
302 606
303 608
304 610
305 612
306 614
307 616
308 618
309 620
310 622
311 670
312 672
313 674
314 676
315 678
316 680
317 682
318 684
319 686
320 688
321 690
322 692
323 694
324 696
325 698
326 700
327 702
328 704
329 706
330 708
331 710
332 712
333 714
334 670
335 634
336 636
337 722
338 724
339 642
340 644
341 646
342 648
343 688
344 690
345 692
346 813
347 815
348 817
349 819
350 821
351 704
352 706
353 827
354 710
355 831
356 833
357 835
358 837
359 839
360 841
361 843
362 845
363 728
364 849
365 851
366 853
367 855
368 857
369 859
370 861
371 863
372 865
373 748
374 750
375 752
376 754
377 756
378 758
379 760
380 762
381 764
382 766
383 768
384 770
385 772
386 774
387 776
388 778
389 780
390 782
391 784
392 905
393 907
394 909
395 911
396 913
397 915
398 741
399 743
400 764
401 766
402 749
403 770
404 772
405 774
406 757
407 816
408 818
409 820
410 822
411 824
412 826
413 828
414 830
415 775
416 777
417 779
418 781
419 783
420 785
421 787
422 789
423 791
424 850
425 795
426 797
427 856
428 858
429 803
430 805
431 807
432 809
433 811
434 813
435 815
436 993
437 819
438 821
439 823
440 825
441 827
442 1005
443 888
444 890
445 1011
446 1013
447 1015
448 1017
449 1019
450 1021
451 904
452 1025
453 1027
454 1029
455 912
456 857
457 1035
458 1037
459 1039
460 922
461 1043
462 1045
463 1047
464 976
465 978
466 1053
467 1055
468 1057
469 1059
470 1061
471 1063
472 1065
473 1067
474 1069
475 1071
476 1073
477 1075
478 1077
479 1079
480 1081
481 1083
482 1085
483 1087
484 1089
485 1091
486 1093
487 1095
488 1097
489 1099
490 1101
491 1103
492 1105
493 1107
494 1109
495 1111
496 1113
497 1115
498 1117
499 1119
500 1121
501 1123
502 1125
503 1127
504 1129
505 1131
506 1133
507 1135
508 1137
509 1139
510 1068
511 1070
512 1145
513 1147
514 1076
515 1078
516 1080
517 1082
518 1084
519 1159
520 1161
521 1163
522 1165
523 1094
524 1096
525 1098
526 1100
527 1102
528 1104
529 1106
530 1108
531 1183
532 1112
533 1068
534 1070
535 1118
536 1120
537 1195
538 1197
539 1199
540 1201
541 1130
542 1205
543 1134
544 1136
545 1138
546 1140
547 1142
548 1144
549 1146
550 1148
551 1150
552 1225
553 1154
554 1156
555 1158
556 1233
557 1235
558 1237
559 1239
560 1241
561 1243
562 1245
563 1247
564 1176
565 1251
566 1253
567 1255
568 1257
569 1259
570 1261
571 1263
572 1265
573 1148
574 1269
575 1152
576 1273
577 1275
578 1158
579 1160
580 1281
581 1164
582 1166
583 1287
584 1289
585 1291
586 1293
587 1295
588 1297
589 1299
590 1301
591 1303
592 1305
593 1307
594 1309
595 1311
596 1313
597 1315
598 1317
599 1319
600 1321
601 1323
602 1325
603 1327
604 1329
605 1331
606 1333
607 1335
608 1337
609 1339
610 1341
611 1343
612 1345
613 1347
614 1349
615 1232
616 1234
617 1236
618 1238
619 1359
620 1361
621 1244
622 1246
623 1367
624 1369
625 1371
626 1373
627 1375
628 1377
629 1379
630 1381
631 1383
632 1385
633 1387
634 1389
635 1391
636 1393
637 1395
638 1397
639 1399
640 1282
641 1284
642 1286
643 1407
644 1409
645 1411
646 1413
647 1415
648 1417
649 1419
650 1421
651 1423
652 1425
653 1427
654 1429
655 1431
656 1433
657 1435
658 1437
659 1439
660 1441
661 1443
662 1445
663 1447
664 1449
665 1451
666 1453
667 1455
668 1457
669 1459
670 1461
671 1463
672 1346
673 1467
674 1469
675 1471
676 1473
677 1475
678 1477
679 1479
680 1481
681 1483
682 1485
683 1487
684 1489
685 1491
686 1493
687 1495
688 1497
689 1499
690 1501
691 1503
692 1505
693 1507
694 1509
695 1511
696 1513
697 1515
698 1517
699 1519
700 1521
701 1523
702 1525
703 1527
704 1529
705 1531
706 1533
707 1535
708 1537
709 1539
710 1541
711 1543
712 1545
713 1547
714 1549
715 1551
716 1553
717 1555
718 1557
719 1559
720 1561
721 1563
722 1565
723 1567
724 1569
725 1571
726 1573
727 1575
728 1577
729 1579
730 1581
731 1583
732 1585
733 1587
734 1589
735 1591
736 1593
737 1595
738 1597
739 1599
740 1601
741 1603
742 1605
743 1607
744 1609
745 1611
746 1613
747 1615
748 1617
749 1619
750 1621
751 1623
752 1625
753 1627
754 1629
755 1631
756 1633
757 1635
758 1637
759 1639
760 1641
761 1643
762 1645
763 1647
764 1649
765 1624
766 1653
767 1655
768 1630
769 1632
770 1634
771 1663
772 1665
773 1667
774 1669
775 1671
776 1673
777 1675
778 1677
779 1679
780 1681
781 1683
782 1685
783 1660
784 1662
785 1691
786 1693
787 1695
788 1697
789 1699
790 1701
791 1703
792 1705
793 1707
794 1709
795 1711
796 1713
797 1715
798 1717
799 1719
800 1721
801 1723
802 1725
803 1727
804 1729
805 1731
806 1733
807 1735
808 1737
809 1739
810 1741
811 1743
812 1745
813 1747
814 1749
815 1751
816 1753
817 1755
818 1757
819 1759
820 1761
821 1763
822 1765
823 1767
824 1769
825 1771
826 1773
827 1775
828 1777
829 1779
830 1781
831 1783
832 1785
833 1787
834 1789
835 1791
836 1793
837 1795
838 1797
839 1799
840 1801
841 1803
842 1805
843 1807
844 1809
845 1811
846 1813
847 1815
848 1817
849 1819
850 1821
851 1823
852 1825
853 1827
854 1829
855 1831
856 1833
857 1835
858 1837
859 1839
860 1841
861 1843
862 1845
863 1847
864 1849
865 1851
866 1853
867 1855
868 1857
869 1859
870 1861
871 1863
872 1865
873 1867
874 1869
875 1871
876 1873
877 1875
878 1877
879 1879
880 1881
881 1883
882 1885
883 1887
884 1889
885 1891
886 1893
887 1895
888 1897
889 1899
890 1901
891 1903
892 1905
893 1907
894 1909
895 1911
896 1886
897 1888
898 1890
899 1919
900 1921
901 1923
902 1925
903 1927
904 1902
905 1904
906 1906
907 1935
908 1937
909 1939
910 1941
911 1943
912 1945
913 1947
914 1949
915 1951
916 1953
917 1955
918 1957
919 1959
920 1961
921 1963
922 1965
923 1967
924 1969
925 1971
926 1973
927 1975
928 1977
929 1979
930 1981
931 1983
932 1985
933 1987
934 1989
935 1991
936 1993
937 1995
938 1997
939 1999
940 2001
941 2003
942 2005
943 2007
944 2009
945 2011
946 2013
947 2015
948 2017
949 2019
950 2021
951 2023
952 2025
953 2027
954 2029
955 2031
956 2033
957 2035
958 2037
959 2039
960 2041
961 2043
962 2045
963 2047
964 2049
965 2051
966 2053
967 2055
968 2057
969 2059
970 2061
971 2063
972 2065
973 2067
974 2069
975 2071
976 2073
977 2075
978 2077
979 2079
980 2081
981 2083
982 2085
983 2087
984 2089
985 2091
986 2093
987 2095
988 2097
989 2099
990 2101
991 2103
992 2105
993 2107
994 2109
995 2111
996 2113
997 2115
998 2117
999 2119
1000 2121
1001 2123
1002 2125
1003 2127
1004 2129
1005 2131
1006 2133
1007 2135
1008 2137
1009 2139
1010 2141
1011 2143
1012 2145
1013 2147
1014 2149
1015 2151
1016 2153
1017 2155
1018 2157
1019 2159
1020 2161
1021 2163
1022 2165
1023 2167
1024 2169
1025 2171
1026 2173
1027 2175
1028 2177
1029 2179
1030 2181
1031 2183
1032 2185
1033 2187
1034 2189
1035 2191
1036 2193
1037 2195
1038 2197
1039 2199
1040 2201
1041 2203
1042 2205
1043 2207
1044 2209
1045 2211
1046 2213
1047 2215
1048 2217
1049 2219
1050 2221
1051 2223
1052 2225
1053 2227
1054 2229
1055 2231
1056 2233
1057 2235
1058 2237
1059 2239
1060 2241
1061 2243
1062 2245
1063 2247
1064 2249
1065 2251
1066 2253
1067 2255
1068 2257
1069 2259
1070 2261
1071 2263
1072 2265
1073 2267
1074 2269
1075 2271
1076 2273
1077 2275
1078 2277
1079 2279
1080 2281
1081 2283
1082 2285
1083 2287
1084 2289
1085 2291
1086 2293
1087 2295
1088 2297
1089 2299
1090 2301
1091 2303
1092 2305
1093 2307
1094 2309
1095 2311
1096 2313
1097 2315
1098 2317
1099 2319
1100 2321
1101 2323
1102 2325
1103 2327
1104 2329
1105 2331
1106 2333
1107 2335
1108 2337
1109 2339
1110 2341
1111 2343
1112 2345
1113 2347
1114 2349
1115 2351
1116 2353
1117 2355
1118 2357
1119 2359
1120 2361
1121 2363
1122 2365
1123 2367
1124 2369
1125 2371
1126 2373
1127 2375
1128 2377
1129 2379
1130 2381
1131 2383
1132 2385
1133 2387
1134 2389
1135 2391
1136 2393
1137 2395
1138 2397
1139 2399
1140 2401
1141 2403
1142 2405
1143 2407
1144 2409
1145 2411
1146 2413
1147 2415
1148 2417
1149 2419
1150 2421
1151 2423
1152 2425
1153 2427
1154 2429
1155 2431
1156 2433
1157 2435
1158 2437
1159 2439
1160 2441
1161 2443
1162 2445
1163 2447
1164 2449
1165 2451
1166 2453
1167 2455
1168 2457
1169 2459
1170 2461
1171 2463
1172 2465
1173 2467
1174 2469
1175 2471
1176 2473
1177 2475
1178 2477
1179 2479
1180 2481
1181 2483
1182 2485
1183 2487
1184 2489
1185 2491
1186 2493
1187 2495
1188 2497
1189 2499
1190 2501
1191 2503
1192 2505
1193 2507
1194 2509
1195 2511
1196 2513
1197 2515
1198 2517
1199 2519
1200 2521
1201 2523
1202 2525
1203 2527
1204 2529
1205 2531
1206 2533
1207 2535
1208 2537
1209 2539
1210 2541
1211 2543
1212 2545
1213 2547
1214 2549
1215 2551
1216 2553
1217 2555
1218 2557
1219 2559
1220 2561
1221 2563
1222 2565
1223 2567
1224 2569
1225 2571
1226 2573
1227 2575
1228 2577
1229 2579
1230 2581
1231 2583
1232 2585
1233 2587
1234 2589
1235 2591
1236 2593
1237 2595
1238 2597
1239 2599
1240 2601
1241 2603
1242 2605
1243 2607
1244 2609
1245 2611
1246 2613
1247 2615
1248 2617
1249 2619
1250 2621
1251 2623
1252 2625
1253 2627
1254 2629
1255 2631
1256 2633
1257 2635
1258 2637
1259 2639
1260 2641
1261 2643
1262 2645
1263 2647
1264 2649
1265 2651
1266 2653
1267 2655
1268 2657
1269 2659
1270 2661
1271 2663
1272 2665
1273 2667
1274 2669
1275 2671
1276 2673
1277 2675
1278 2677
1279 2679
1280 2681
1281 2683
1282 2685
1283 2687
1284 2689
1285 2691
1286 2693
1287 2695
1288 2697
1289 2699
1290 2701
1291 2703
1292 2705
1293 2707
1294 2709
1295 2711
1296 2713
1297 2715
1298 2717
1299 2719
1300 2721
1301 2723
1302 2725
1303 2727
1304 2729
1305 2731
1306 2733
1307 2735
1308 2737
1309 2739
1310 2741
1311 2743
1312 2745
1313 2747
1314 2749
1315 2751
1316 2753
1317 2755
1318 2757
1319 2759
1320 2761
1321 2763
1322 2765
1323 2767
1324 2769
1325 2771
1326 2773
1327 2775
1328 2777
1329 2779
1330 2781
1331 2783
1332 2785
1333 2787
1334 2789
1335 2791
1336 2793
1337 2795
1338 2797
1339 2799
1340 2801
1341 2803
1342 2805
1343 2807
1344 2809
1345 2811
1346 2813
1347 2815
1348 2817
1349 2819
1350 2821
1351 2823
1352 2825
1353 2827
1354 2829
1355 2831
1356 2833
1357 2835
1358 2837
1359 2839
1360 2841
1361 2843
1362 2845
1363 2847
1364 2849
1365 2851
1366 2853
1367 2855
1368 2857
1369 2859
1370 2861
1371 2863
1372 2865
1373 2867
1374 2869
1375 2871
1376 2873
1377 2875
1378 2877
1379 2879
1380 2881
1381 2883
1382 2885
1383 2887
1384 2889
1385 2891
1386 2893
1387 2895
1388 2897
1389 2899
1390 2901
1391 2903
1392 2905
1393 2907
1394 2909
1395 2911
1396 2913
1397 2915
1398 2917
1399 2919
1400 2921
1401 2923
1402 2925
1403 2927
1404 2929
1405 2931
1406 2933
1407 2935
1408 2937
1409 2939
1410 2941
1411 2943
1412 2945
1413 2947
1414 2949
1415 2951
1416 2953
1417 2955
1418 2957
1419 2959
1420 2961
1421 2963
1422 2965
1423 2967
1424 2969
1425 2971
1426 2973
1427 2975
1428 2977
1429 2979
1430 2981
1431 2983
1432 2985
1433 2987
1434 2989
1435 2991
1436 2993
1437 2995
1438 2997
1439 2999
1440 3001
1441 3003
1442 3005
1443 3007
1444 3009
1445 3011
1446 3013
1447 3015
1448 3017
1449 3019
1450 3021
1451 3023
1452 3025
1453 3027
1454 3029
1455 3031
1456 3033
1457 3035
1458 3037
1459 3039
1460 3041
1461 3043
1462 3045
1463 3047
1464 3049
1465 3051
1466 3053
1467 3055
1468 3057
1469 3059
1470 3061
1471 3063
1472 3065
1473 3067
1474 3069
1475 3071
1476 3073
1477 3075
1478 3077
1479 3079
1480 3081
1481 3083
1482 3085
1483 3087
1484 3089
1485 3091
1486 3093
1487 3095
1488 3097
1489 3099
1490 3101
1491 3103
1492 3105
1493 3107
1494 3109
1495 3111
1496 3113
1497 3115
1498 3117
1499 3119
1500 3121
1501 3123
1502 3125
1503 3127
1504 3129
1505 3131
1506 3133
1507 3135
1508 3137
1509 3139
1510 3141
1511 3143
1512 3145
1513 3147
1514 3149
1515 3151
1516 3153
1517 3155
1518 3157
1519 3159
1520 3161
1521 3163
1522 3165
1523 3167
1524 3169
1525 3171
1526 3173
1527 3175
1528 3177
1529 3179
1530 3181
1531 3183
1532 3185
1533 3187
1534 3189
1535 3191
1536 3193
1537 3195
1538 3197
1539 3199
1540 3201
1541 3203
1542 3205
1543 3207
1544 3209
1545 3211
1546 3213
1547 3215
1548 3217
1549 3219
1550 3221
1551 3223
1552 3225
1553 3227
1554 3229
1555 3231
1556 3233
1557 3235
1558 3237
1559 3239
1560 3241
1561 3243
1562 3245
1563 3247
1564 3249
1565 3251
1566 3253
1567 3255
1568 3257
1569 3259
1570 3261
1571 3263
1572 3265
1573 3267
1574 3269
1575 3271
1576 3273
1577 3275
1578 3277
1579 3279
1580 3281
1581 3283
1582 3285
1583 3287
1584 3289
1585 3291
1586 3293
1587 3295
1588 3297
1589 3299
1590 3301
1591 3303
1592 3305
1593 3307
1594 3309
1595 3311
1596 3313
1597 3315
1598 3317
1599 3319
1600 3321
1601 3323
1602 3325
1603 3327
1604 3329
1605 3331
1606 3333
1607 3335
1608 3337
1609 3339
1610 3341
1611 3343
1612 3345
1613 3347
1614 3349
1615 3351
1616 3353
1617 3355
1618 3357
1619 3359
1620 3361
1621 3363
1622 3365
1623 3367
1624 3369
1625 3371
1626 3373
1627 3375
1628 3377
1629 3379
1630 3381
1631 3383
1632 3385
1633 3387
1634 3389
1635 3391
1636 3393
1637 3395
1638 3397
1639 3399
1640 3401
1641 3403
1642 3405
1643 3407
1644 3409
1645 3411
1646 3413
1647 3415
1648 3417
1649 3419
1650 3421
1651 3423
1652 3425
1653 3427
1654 3429
1655 3431
1656 3433
1657 3435
1658 3437
1659 3439
1660 3441
1661 3443
1662 3445
1663 3447
1664 3449
1665 3451
1666 3453
1667 3455
1668 3457
1669 3459
1670 3461
1671 3463
1672 3465
1673 3467
1674 3469
1675 3471
1676 3473
1677 3475
1678 3477
1679 3479
1680 3481
1681 3483
1682 3485
1683 3487
1684 3489
1685 3491
1686 3493
1687 3495
1688 3497
1689 3499
1690 3501
1691 3503
1692 3505
1693 3507
1694 3509
1695 3511
1696 3513
1697 3515
1698 3517
1699 3519
1700 3521
1701 3523
1702 3525
1703 3527
1704 3529
1705 3531
1706 3533
1707 3535
1708 3537
1709 3539
1710 3541
1711 3543
1712 3545
1713 3547
1714 3549
1715 3551
1716 3553
1717 3555
1718 3557
1719 3559
1720 3561
1721 3563
1722 3565
1723 3567
1724 3569
1725 3571
1726 3573
1727 3575
1728 3577
1729 3579
1730 3581
1731 3583
1732 3585
1733 3587
1734 3589
1735 3591
1736 3593
1737 3595
1738 3597
1739 3599
1740 3601
1741 3603
1742 3605
1743 3607
1744 3609
1745 3611
1746 3613
1747 3615
1748 3617
1749 3619
1750 3621
1751 3623
1752 3625
1753 3627
1754 3629
1755 3631
1756 3633
1757 3635
1758 3637
1759 3639
1760 3641
1761 3643
1762 3645
1763 3647
1764 3649
1765 3651
1766 3653
1767 3655
1768 3657
1769 3659
1770 3661
1771 3663
1772 3665
1773 3667
1774 3669
1775 3671
1776 3673
1777 3675
1778 3677
1779 3679
1780 3681
1781 3683
1782 3685
1783 3687
1784 3689
1785 3691
1786 3693
1787 3695
1788 3697
1789 3699
1790 3701
1791 3703
1792 3705
1793 3707
1794 3709
1795 3711
1796 3713
1797 3715
1798 3717
1799 3719
1800 3721
1801 3723
1802 3725
1803 3727
1804 3729
1805 3731
1806 3733
1807 3735
1808 3737
1809 3739
1810 3741
1811 3743
1812 3745
1813 3747
1814 3749
1815 3751
1816 3753
1817 3755
1818 3757
1819 3759
1820 3761
1821 3763
1822 3765
1823 3767
1824 3769
1825 3771
1826 3773
1827 3775
1828 3777
1829 3779
1830 3781
1831 3783
1832 3785
1833 3787
1834 3789
1835 3791
1836 3793
1837 3795
1838 3797
1839 3799
1840 3801
1841 3803
1842 3805
1843 3807
1844 3809
1845 3811
1846 3813
1847 3815
1848 3817
1849 3819
1850 3821
1851 3823
1852 3825
1853 3827
1854 3829
1855 3831
1856 3833
1857 3835
1858 3837
1859 3839
1860 3841
1861 3843
1862 3845
1863 3847
1864 3849
1865 3851
1866 3853
1867 3855
1868 3857
1869 3859
1870 3861
1871 3863
1872 3865
1873 3867
1874 3869
1875 3871
1876 3873
1877 3875
1878 3877
1879 3879
1880 3881
1881 3883
1882 3885
1883 3887
1884 3889
1885 3891
1886 3893
1887 3895
1888 3897
1889 3899
1890 3901
1891 3903
1892 3905
1893 3907
1894 3909
1895 3911
1896 3913
1897 3915
1898 3917
1899 3919
1900 3921
1901 3923
1902 3925
1903 3927
1904 3929
1905 3931
1906 3933
1907 3935
1908 3937
1909 3939
1910 3941
1911 3943
1912 3945
1913 3947
1914 3949
1915 3951
1916 3953
1917 3955
1918 3957
1919 3959
1920 3961
1921 3963
1922 3965
1923 3967
1924 3969
1925 3971
1926 3973
1927 3975
1928 3977
1929 3979
1930 3981
1931 3983
1932 3985
1933 3987
1934 3989
1935 3991
1936 3993
1937 3995
1938 3997
1939 3999
1940 4001
1941 4003
1942 4005
1943 4007
1944 4009
1945 4011
1946 4013
1947 4015
1948 4017
1949 4019
1950 4021
1951 4023
1952 4025
1953 4027
1954 4029
1955 4031
1956 4033
1957 4035
1958 4037
1959 4039
1960 4041
1961 4043
1962 4045
1963 4047
1964 4049
1965 4051
1966 4053
1967 4055
1968 4057
1969 4059
1970 4061
1971 4063
1972 4065
1973 4067
1974 4069
1975 4071
1976 4073
1977 4075
1978 4077
1979 4079
1980 4081
1981 4083
1982 4085
1983 4087
1984 4089
1985 4091
1986 4093
1987 4095
1988 4097
1989 4099
1990 4101
1991 4103
1992 4105
1993 4107
1994 4109
1995 4111
1996 4113
1997 4115
1998 4117
1999 4119
2000 4121
2001 4123
2002 4125
2003 4127
2004 4129
2005 4131
2006 4133
2007 4135
2008 4137
2009 4139
2010 4141
2011 4143
2012 4145
2013 4147
2014 4149
2015 4151
2016 4153
2017 4155
2018 4157
2019 4159
2020 4161
2021 4163
2022 4165
2023 4167
2024 4169
2025 4171
2026 4173
2027 4175
2028 4177
2029 4179
2030 4181
2031 4183
2032 4185
2033 4187
2034 4189
2035 4191
2036 4193
2037 4195
2038 4197
2039 4199
2040 4201
2041 4203
2042 4205
2043 4207
2044 4209
2045 4211
2046 4213
2047 4215
2048 4217
2049 4219
2050 4221
2051 4223
2052 4225
2053 4227
2054 4229
2055 4231
2056 4233
2057 4235
2058 4237
2059 4239
2060 4241
2061 4243
2062 4245
2063 4247
2064 4249
2065 4251
2066 4253
2067 4255
2068 4257
2069 4259
2070 4261
2071 4263
2072 4265
2073 4267
2074 4269
2075 4271
2076 4273
2077 4275
2078 4277
2079 4279
2080 4281
2081 4283
2082 4285
2083 4287
2084 4289
2085 4291
2086 4293
2087 4295
2088 4297
2089 4299
2090 4301
2091 4303
2092 4305
2093 4307
2094 4309
2095 4311
2096 4313
2097 4315
2098 4317
2099 4319
2100 4321
2101 4323
2102 4325
2103 4327
2104 4329
2105 4331
2106 4333
2107 4335
2108 4337
2109 4339
2110 4341
2111 4343
2112 4345
2113 4347
2114 4349
2115 4351
2116 4353
2117 4355
2118 4357
2119 4359
2120 4361
2121 4363
2122 4365
2123 4367
2124 4369
2125 4371
2126 4373
2127 4375
2128 4377
2129 4379
2130 4381
2131 4383
2132 4385
2133 4387
2134 4389
2135 4391
2136 4393
2137 4395
2138 4397
2139 4399
2140 4401
2141 4403
2142 4405
2143 4407
2144 4409
2145 4411
2146 4413
2147 4415
2148 4417
2149 4419
2150 4421
2151 4423
2152 4425
2153 4427
2154 4429
2155 4431
2156 4433
2157 4435
2158 4437
2159 4439
2160 4441
2161 4443
2162 4445
2163 4447
2164 4449
2165 4451
2166 4453
2167 4455
2168 4457
2169 4459
2170 4461
2171 4463
2172 4465
2173 4467
2174 4469
2175 4471
2176 4473
2177 4475
2178 4477
2179 4479
2180 4481
2181 4483
2182 4485
2183 4487
2184 4489
2185 4491
2186 4493
2187 4495
2188 4497
2189 4499
2190 4501
2191 4503
2192 4505
2193 4507
2194 4509
2195 4511
2196 4513
2197 4515
2198 4517
2199 4519
2200 4521
2201 4523
2202 4525
2203 4527
2204 4529
2205 4531
2206 4533
2207 4535
2208 4537
2209 4539
2210 4541
2211 4543
2212 4545
2213 4547
2214 4549
2215 4551
2216 4553
2217 4555
2218 4557
2219 4559
2220 4561
2221 4563
2222 4565
2223 4567
2224 4569
2225 4571
2226 4573
2227 4575
2228 4577
2229 4579
2230 4581
2231 4583
2232 4585
2233 4587
2234 4589
2235 4591
2236 4593
2237 4595
2238 4597
2239 4599
2240 4601
2241 4603
2242 4605
2243 4607
2244 4609
2245 4611
2246 4613
2247 4615
2248 4617
2249 4619
2250 4621
2251 4623
2252 4625
2253 4627
2254 4629
2255 4631
2256 4633
2257 4635
2258 4637
2259 4639
2260 4641
2261 4643
2262 4645
2263 4647
2264 4649
2265 4651
2266 4653
2267 4655
2268 4657
2269 4659
2270 4661
2271 4663
2272 4665
2273 4667
2274 4669
2275 4671
2276 4673
2277 4675
2278 4677
2279 4679
2280 4681
2281 4683
2282 4685
2283 4687
2284 4689
2285 4691
2286 4693
2287 4695
2288 4697
2289 4699
2290 4701
2291 4703
2292 4705
2293 4707
2294 4709
2295 4711
2296 4713
2297 4715
2298 4717
2299 4719
2300 4721
2301 4723
2302 4725
2303 4727
2304 4729
2305 4731
2306 4733
2307 4735
2308 4737
2309 4739
2310 4741
2311 4743
2312 4745
2313 4747
2314 4749
2315 4751
2316 4753
2317 4755
2318 4757
2319 4759
2320 4761
2321 4763
2322 4765
2323 4767
2324 4769
2325 4771
2326 4773
2327 4775
2328 4777
2329 4779
2330 4781
2331 4783
2332 4785
2333 4787
2334 4789
2335 4791
2336 4793
2337 4795
2338 4797
2339 4799
2340 4801
2341 4803
2342 4805
2343 4807
2344 4809
2345 4811
2346 4813
2347 4815
2348 4817
2349 4819
2350 4821
2351 4823
2352 4825
2353 4827
2354 4829
2355 4831
2356 4833
2357 4835
2358 4837
2359 4839
2360 4841
2361 4843
2362 4845
2363 4847
2364 4849
2365 4851
2366 4853
2367 4855
2368 4857
2369 4859
2370 4861
2371 4863
2372 4865
2373 4867
2374 4869
2375 4871
2376 4873
2377 4875
2378 4877
2379 4879
2380 4881
2381 4883
2382 4885
2383 4887
2384 4889
2385 4891
2386 4893
2387 4895
2388 4897
2389 4899
2390 4901
2391 4903
2392 4905
2393 4907
2394 4909
2395 4911
2396 4913
2397 4915
2398 4917
2399 4919
2400 4921
2401 4923
2402 4925
2403 4927
2404 4929
2405 4931
2406 4933
2407 4935
2408 4937
2409 4939
2410 4941
2411 4943
2412 4945
2413 4947
2414 4949
2415 4951
2416 4953
2417 4955
2418 4957
2419 4959
2420 4961
2421 4963
2422 4965
2423 4967
2424 4969
2425 4971
2426 4973
2427 4975
2428 4977
2429 4979
2430 4981
2431 4983
2432 4985
2433 4987
2434 4989
2435 4991
2436 4993
2437 4995
2438 4997
2439 4999
2440 5001
2441 5003
2442 5005
2443 5007
2444 5009
2445 5011
2446 5013
2447 5015
2448 5017
2449 5019
2450 5021
2451 5023
2452 5025
2453 5027
2454 5029
2455 5031
2456 5033
2457 5035
2458 5037
2459 5039
2460 5041
2461 5043
2462 5045
2463 5047
2464 5049
2465 5051
2466 5053
2467 5055
2468 5057
2469 5059
2470 5061
2471 5063
2472 5065
2473 5067
2474 5069
2475 5071
2476 5073
2477 5075
2478 5077
2479 5079
2480 5081
2481 5083
2482 5085
2483 5087
2484 5089
2485 5091
2486 5093
2487 5095
2488 5097
2489 5099
2490 5101
2491 5103
2492 5105
2493 5107
2494 5109
2495 5111
2496 5113
2497 5115
2498 5117
2499 5119
2500 5121
2501 5123
2502 5125
2503 5127
2504 5129
2505 5131
2506 5133
2507 5135
2508 5137
2509 5139
2510 5141
2511 5143
2512 5145
2513 5147
2514 5149
2515 5151
2516 5153
2517 5155
2518 5157
2519 5159
2520 5161
2521 5163
2522 5165
2523 5167
2524 5169
2525 5171
2526 5173
2527 5175
2528 5177
2529 5179
2530 5181
2531 5183
2532 5185
2533 5187
2534 5189
2535 5191
2536 5193
2537 5195
2538 5197
2539 5199
2540 5201
2541 5203
2542 5205
2543 5207
2544 5209
2545 5211
2546 5213
2547 5215
2548 5217
2549 5219
2550 5221
2551 5223
2552 5225
2553 5227
2554 5229
2555 5231
2556 5233
2557 5235
2558 5237
2559 5239
2560 5241
2561 5243
2562 5245
2563 5247
2564 5249
2565 5251
2566 5253
2567 5255
2568 5257
2569 5259
2570 5261
2571 5263
2572 5265
2573 5267
2574 5269
2575 5271
2576 5273
2577 5275
2578 5277
2579 5279
2580 5281
2581 5283
2582 5285
2583 5287
2584 5289
2585 5291
2586 5293
2587 5295
2588 5297
2589 5299
2590 5301
2591 5303
2592 5305
2593 5307
2594 5309
2595 5311
2596 5313
2597 5315
2598 5317
2599 5319
2600 5321
2601 5323
2602 5325
2603 5327
2604 5329
2605 5331
2606 5333
2607 5335
2608 5337
2609 5339
2610 5341
2611 5343
2612 5345
2613 5347
2614 5349
2615 5351
2616 5353
2617 5355
2618 5357
2619 5359
2620 5361
2621 5363
2622 5365
2623 5367
2624 5369
2625 5371
2626 5373
2627 5375
2628 5377
2629 5379
2630 5381
2631 5383
2632 5385
2633 5387
2634 5389
2635 5391
2636 5393
2637 5395
2638 5397
2639 5399
2640 5401
2641 5403
2642 5405
2643 5407
2644 5409
2645 5411
2646 5413
2647 5415
2648 5417
2649 5419
2650 5421
2651 5423
2652 5425
2653 5427
2654 5429
2655 5431
2656 5433
2657 5435
2658 5437
2659 5439
2660 5441
2661 5443
2662 5445
2663 5447
2664 5449
2665 5451
2666 5453
2667 5455
2668 5457
2669 5459
2670 5461
2671 5463
2672 5465
2673 5467
2674 5469
2675 5471
2676 5473
2677 5475
2678 5477
2679 5479
2680 5481
2681 5483
2682 5485
2683 5487
2684 5489
2685 5491
2686 5493
2687 5495
2688 5497
2689 5499
2690 5501
2691 5503
2692 5505
2693 5507
2694 5509
2695 5511
2696 5513
2697 5515
2698 5517
2699 5519
2700 5521
2701 5523
2702 5525
2703 5527
2704 5529
2705 5531
2706 5533
2707 5535
2708 5537
2709 5539
2710 5541
2711 5543
2712 5545
2713 5547
2714 5549
2715 5551
2716 5553
2717 5555
2718 5557
2719 5559
2720 5561
2721 5563
2722 5565
2723 5567
2724 5569
2725 5571
2726 5573
2727 5575
2728 5577
2729 5579
2730 5581
2731 5583
2732 5585
2733 5587
2734 5589
2735 5591
2736 5593
2737 5595
2738 5597
2739 5599
2740 5601
2741 5603
2742 5605
2743 5607
2744 5609
2745 5611
2746 5613
2747 5615
2748 5617
2749 5619
2750 5621
2751 5623
2752 5625
2753 5627
2754 5629
2755 5631
2756 5633
2757 5635
2758 5637
2759 5639
2760 5641
2761 5643
2762 5645
2763 5647
2764 5649
2765 5651
2766 5653
2767 5655
2768 5657
2769 5659
2770 5661
2771 5663
2772 5665
2773 5667
2774 5669
2775 5671
2776 5673
2777 5675
2778 5677
2779 5679
2780 5681
2781 5683
2782 5685
2783 5687
2784 5689
2785 5691
2786 5693
2787 5695
2788 5697
2789 5699
2790 5701
2791 5703
2792 5705
2793 5707
2794 5709
2795 5711
2796 5713
2797 5715
2798 5717
2799 5719
2800 5721
2801 5723
2802 5725
2803 5727
2804 5729
2805 5731
2806 5733
2807 5735
2808 5737
2809 5739
2810 5741
2811 5743
2812 5745
2813 5747
2814 5749
2815 5751
2816 5753
2817 5755
2818 5757
2819 5759
2820 5761
2821 5763
2822 5765
2823 5767
2824 5769
2825 5771
2826 5773
2827 5775
2828 5777
2829 5779
2830 5781
2831 5783
2832 5785
2833 5787
2834 5789
2835 5791
2836 5793
2837 5795
2838 5797
2839 5799
2840 5801
2841 5803
2842 5805
2843 5807
2844 5809
2845 5811
2846 5813
2847 5815
2848 5817
2849 5819
2850 5821
2851 5823
2852 5825
2853 5827
2854 5829
2855 5831
2856 5833
2857 5835
2858 5837
2859 5839
2860 5841
2861 5843
2862 5845
2863 5847
2864 5849
2865 5851
2866 5853
2867 5855
2868 5857
2869 5859
2870 5861
2871 5863
2872 5865
2873 5867
2874 5869
2875 5871
2876 5873
2877 5875
2878 5877
2879 5879
2880 5881
2881 5883
2882 5885
2883 5887
2884 5889
2885 5891
2886 5893
2887 5895
2888 5897
2889 5899
2890 5901
2891 5903
2892 5905
2893 5907
2894 5909
2895 5911
2896 5913
2897 5915
2898 5917
2899 5919
2900 5921
2901 5923
2902 5925
2903 5927
2904 5929
2905 5931
2906 5933
2907 5935
2908 5937
2909 5939
2910 5941
2911 5943
2912 5945
2913 5947
2914 5949
2915 5951
2916 5953
2917 5955
2918 5957
2919 5959
2920 5961
2921 5963
2922 5965
2923 5967
2924 5969
2925 5971
2926 5973
2927 5975
2928 5977
2929 5979
2930 5981
2931 5983
2932 5985
2933 5987
2934 5989
2935 5991
2936 5993
2937 5995
2938 5997
2939 5999
2940 6001
2941 6003
2942 6005
2943 6007
2944 6009
2945 6011
2946 6013
2947 6015
2948 6017
2949 6019
2950 6021
2951 6023
2952 6025
2953 6027
2954 6029
2955 6031
2956 6033
2957 6035
2958 6037
2959 6039
2960 6041
2961 6043
2962 6045
2963 6047
2964 6049
2965 6051
2966 6053
2967 6055
2968 6057
2969 6059
2970 6061
2971 6063
2972 6065
2973 6067
2974 6069
2975 6071
2976 6073
2977 6075
2978 6077
2979 6079
2980 6081
2981 6083
2982 6085
2983 6087
2984 6089
2985 6091
2986 6093
2987 6095
2988 6097
2989 6099
2990 6101
2991 6103
2992 6105
2993 6107
2994 6109
2995 6111
2996 6113
2997 6115
2998 6117
2999 6119
3000 6121
3001 6123
3002 6125
3003 6127
3004 6129
3005 6131
3006 6133
3007 6135
3008 6137
3009 6139
3010 6141
3011 6143
3012 6145
3013 6147
3014 6149
3015 6151
3016 6153
3017 6155
3018 6157
3019 6159
3020 6161
3021 6163
3022 6165
3023 6167
3024 6169
3025 6171
3026 6173
3027 6175
3028 6177
3029 6179
3030 6181
3031 6183
3032 6185
3033 6187
3034 6189
3035 6191
3036 6193
3037 6195
3038 6197
3039 6199
3040 6201
3041 6203
3042 6205
3043 6207
3044 6209
3045 6211
3046 6213
3047 6215
3048 6217
3049 6219
3050 6221
3051 6223
3052 6225
3053 6227
3054 6229
3055 6231
3056 6233
3057 6235
3058 6237
3059 6239
3060 6241
3061 6243
3062 6245
3063 6247
3064 6249
3065 6251
3066 6253
3067 6255
3068 6257
3069 6259
3070 6261
3071 6263
3072 6265
3073 6267
3074 6269
3075 6271
3076 6273
3077 6275
3078 6277
3079 6279
3080 6281
3081 6283
3082 6285
3083 6287
3084 6289
3085 6291
3086 6293
3087 6295
3088 6297
3089 6299
3090 6301
3091 6303
3092 6305
3093 6307
3094 6309
3095 6311
3096 6313
3097 6315
3098 6317
3099 6319
3100 6321
3101 6323
3102 6325
3103 6327
3104 6329
3105 6331
3106 6333
3107 6335
3108 6337
3109 6339
3110 6341
3111 6343
3112 6345
3113 6347
3114 6349
3115 6351
3116 6353
3117 6355
3118 6357
3119 6359
3120 6361
3121 6363
3122 6365
3123 6367
3124 6369
3125 6371
3126 6373
3127 6375
3128 6377
3129 6379
3130 6381
3131 6383
3132 6385
3133 6387
3134 6389
3135 6391
3136 6393
3137 6395
3138 6397
3139 6399
3140 6401
3141 6403
3142 6405
3143 6407
3144 6409
3145 6411
3146 6413
3147 6415
3148 6417
3149 6419
3150 6421
3151 6423
3152 6425
3153 6427
3154 6429
3155 6431
3156 6433
3157 6435
3158 6437
3159 6439
3160 6441
3161 6443
3162 6445
3163 6447
3164 6449
3165 6451
3166 6453
3167 6455
3168 6457
3169 6459
3170 6461
3171 6463
3172 6465
3173 6467
3174 6469
3175 6471
3176 6473
3177 6475
3178 6477
3179 6479
3180 6481
3181 6483
3182 6485
3183 6487
3184 6489
3185 6491
3186 6493
3187 6495
3188 6497
3189 6499
3190 6501
3191 6503
3192 6505
3193 6507
3194 6509
3195 6511
3196 6513
3197 6515
3198 6517
3199 6519
3200 6521
3201 6523
3202 6525
3203 6527
3204 6529
3205 6531
3206 6533
3207 6535
3208 6537
3209 6539
3210 6541
3211 6543
3212 6545
3213 6547
3214 6549
3215 6551
3216 6553
3217 6555
3218 6557
3219 6559
3220 6561
3221 6563
3222 6565
3223 6567
3224 6569
3225 6571
3226 6573
3227 6575
3228 6577
3229 6579
3230 6581
3231 6583
3232 6585
3233 6587
3234 6589
3235 6591
3236 6593
3237 6595
3238 6597
3239 6599
3240 6601
3241 6603
3242 6605
3243 6607
3244 6609
3245 6611
3246 6613
3247 6615
3248 6617
3249 6619
3250 6621
3251 6623
3252 6625
3253 6627
3254 6629
3255 6631
3256 6633
3257 6635
3258 6637
3259 6639
3260 6641
3261 6643
3262 6645
3263 6647
3264 6649
3265 6651
3266 6653
3267 6655
3268 6657
3269 6659
3270 6661
3271 6663
3272 6665
3273 6667
3274 6669
3275 6671
3276 6673
3277 6675
3278 6677
3279 6679
3280 6681
3281 6683
3282 6685
3283 6687
3284 6689
3285 6691
3286 6693
3287 6695
3288 6697
3289 6699
3290 6701
3291 6703
3292 6705
3293 6707
3294 6709
3295 6711
3296 6713
3297 6715
3298 6717
3299 6719
3300 6721
3301 6723
3302 6725
3303 6727
3304 6729
3305 6731
3306 6733
3307 6735
3308 6737
3309 6739
3310 6741
3311 6743
3312 6745
3313 6747
3314 6749
3315 6751
3316 6753
3317 6755
3318 6757
3319 6759
3320 6761
3321 6763
3322 6765
3323 6767
3324 6769
3325 6771
3326 6773
3327 6775
3328 6777
3329 6779
3330 6781
3331 6783
3332 6785
3333 6787
3334 6789
3335 6791
3336 6793
3337 6795
3338 6797
3339 6799
3340 6801
3341 6803
3342 6805
3343 6807
3344 6809
3345 6811
3346 6813
3347 6815
3348 6817
3349 6819
3350 6821
3351 6823
3352 6825
3353 6827
3354 6829
3355 6831
3356 6833
3357 6835
3358 6837
3359 6839
3360 6841
3361 6843
3362 6845
3363 6847
3364 6849
3365 6851
3366 6853
3367 6855
3368 6857
3369 6859
3370 6861
3371 6863
3372 6865
3373 6867
3374 6869
3375 6871
3376 6873
3377 6875
3378 6877
3379 6879
3380 6881
3381 6883
3382 6885
3383 6887
3384 6889
3385 6891
3386 6893
3387 6895
3388 6897
3389 6899
3390 6901
3391 6903
3392 6905
3393 6907
3394 6909
3395 6911
3396 6913
3397 6915
3398 6917
3399 6919
3400 6921
3401 6923
3402 6925
3403 6927
3404 6929
3405 6931
3406 6933
3407 6935
3408 6937
3409 6939
3410 6941
3411 6943
3412 6945
3413 6947
3414 6949
3415 6951
3416 6953
3417 6955
3418 6957
3419 6959
3420 6961
3421 6963
3422 6965
3423 6967
3424 6969
3425 6971
3426 6973
3427 6975
3428 6977
3429 6979
3430 6981
3431 6983
3432 6985
3433 6987
3434 6989
3435 6991
3436 6993
3437 6995
3438 6997
3439 6999
3440 7001
3441 7003
3442 7005
3443 7007
3444 7009
3445 7011
3446 7013
3447 7015
3448 7017
3449 7019
3450 7021
3451 7023
3452 7025
3453 7027
3454 7029
3455 7031
3456 7033
3457 7035
3458 7037
3459 7039
3460 7041
3461 7043
3462 7045
3463 7047
3464 7049
3465 7051
3466 7053
3467 7055
3468 7057
3469 7059
3470 7061
3471 7063
3472 7065
3473 7067
3474 7069
3475 7071
3476 7073
3477 7075
3478 7077
3479 7079
3480 7081
3481 7083
3482 7085
3483 7087
3484 7089
3485 7091
3486 7093
3487 7095
3488 7097
3489 7099
3490 7101
3491 7103
3492 7105
3493 7107
3494 7109
3495 7111
3496 7113
3497 7115
3498 7117
3499 7119
3500 7121
3501 7123
3502 7125
3503 7127
3504 7129
3505 7131
3506 7133
3507 7135
3508 7137
3509 7139
3510 7141
3511 7143
3512 7145
3513 7147
3514 7149
3515 7151
3516 7153
3517 7155
3518 7157
3519 7159
3520 7161
3521 7163
3522 7165
3523 7167
3524 7169
3525 7171
3526 7173
3527 7175
3528 7177
3529 7179
3530 7181
3531 7183
3532 7185
3533 7187
3534 7189
3535 7191
3536 7193
3537 7195
3538 7197
3539 7199
3540 7201
3541 7203
3542 7205
3543 7207
3544 7209
3545 7211
3546 7213
3547 7215
3548 7217
3549 7219
3550 7221
3551 7223
3552 7225
3553 7227
3554 7229
3555 7231
3556 7233
3557 7235
3558 7237
3559 7239
3560 7241
3561 7243
3562 7245
3563 7247
3564 7249
3565 7251
3566 7253
3567 7255
3568 7257
3569 7259
3570 7261
3571 7263
3572 7265
3573 7267
3574 7269
3575 7271
3576 7273
3577 7275
3578 7277
3579 7279
3580 7281
3581 7283
3582 7285
3583 7287
3584 7289
3585 7291
3586 7293
3587 7295
3588 7297
3589 7299
3590 7301
3591 7303
3592 7305
3593 7307
3594 7309
3595 7311
3596 7313
3597 7315
3598 7317
3599 7319
3600 7321
3601 7323
3602 7325
3603 7327
3604 7329
3605 7331
3606 7333
3607 7335
3608 7337
3609 7339
3610 7341
3611 7343
3612 7345
3613 7347
3614 7349
3615 7351
3616 7353
3617 7355
3618 7357
3619 7359
3620 7361
3621 7363
3622 7365
3623 7367
3624 7369
3625 7371
3626 7373
3627 7375
3628 7377
3629 7379
3630 7381
3631 7383
3632 7385
3633 7387
3634 7389
3635 7391
3636 7393
3637 7395
3638 7397
3639 7399
3640 7401
3641 7403
3642 7405
3643 7407
3644 7409
3645 7411
3646 7413
3647 7415
3648 7417
3649 7419
3650 7421
3651 7423
3652 7425
3653 7427
3654 7429
3655 7431
3656 7433
3657 7435
3658 7437
3659 7439
3660 7441
3661 7443
3662 7445
3663 7447
3664 7449
3665 7451
3666 7453
3667 7455
3668 7457
3669 7459
3670 7461
3671 7463
3672 7465
3673 7467
3674 7469
3675 7471
3676 7473
3677 7475
3678 7477
3679 7479
3680 7481
3681 7483
3682 7485
3683 7487
3684 7489
3685 7491
3686 7493
3687 7495
3688 7497
3689 7499
3690 7501
3691 7503
3692 7505
3693 7507
3694 7509
3695 7511
3696 7513
3697 7515
3698 7517
3699 7519
3700 7521
3701 7523
3702 7525
3703 7527
3704 7529
3705 7531
3706 7533
3707 7535
3708 7537
3709 7539
3710 7541
3711 7543
3712 7545
3713 7547
3714 7549
3715 7551
3716 7553
3717 7555
3718 7557
3719 7559
3720 7561
3721 7563
3722 7565
3723 7567
3724 7569
3725 7571
3726 7573
3727 7575
3728 7577
3729 7579
3730 7581
3731 7583
3732 7585
3733 7587
3734 7589
3735 7591
3736 7593
3737 7595
3738 7597
3739 7599
3740 7601
3741 7603
3742 7605
3743 7607
3744 7609
3745 7611
3746 7613
3747 7615
3748 7617
3749 7619
3750 7621
3751 7623
3752 7625
3753 7627
3754 7629
3755 7631
3756 7633
3757 7635
3758 7637
3759 7639
3760 7641
3761 7643
3762 7645
3763 7647
3764 7649
3765 7651
3766 7653
3767 7655
3768 7657
3769 7659
3770 7661
3771 7663
3772 7665
3773 7667
3774 7669
3775 7671
3776 7673
3777 7675
3778 7677
3779 7679
3780 7681
3781 7683
3782 7685
3783 7687
3784 7689
3785 7691
3786 7693
3787 7695
3788 7697
3789 7699
3790 7701
3791 7703
3792 7705
3793 7707
3794 7709
3795 7711
3796 7713
3797 7715
3798 7717
3799 7719
3800 7721
3801 7723
3802 7725
3803 7727
3804 7729
3805 7731
3806 7733
3807 7735
3808 7737
3809 7739
3810 7741
3811 7743
3812 7745
3813 7747
3814 7749
3815 7751
3816 7753
3817 7755
3818 7757
3819 7759
3820 7761
3821 7083
3822 7085
3823 7087
3824 7089
3825 7771
3826 7773
3827 7775
3828 7777
3829 7779
3830 7781
3831 7783
3832 7785
3833 7787
3834 7789
3835 7791
3836 7793
3837 7795
3838 7117
3839 7799
3840 7801
3841 7803
3842 7805
3843 7807
3844 7809
3845 7811
3846 7813
3847 7815
3848 7817
3849 7819
3850 7821
3851 7143
3852 7145
3853 7827
3854 7829
3855 7831
3856 7833
3857 7835
3858 7837
3859 7839
3860 7841
3861 7843
3862 7845
3863 7847
3864 7849
3865 7851
3866 7853
3867 7855
3868 7857
3869 7859
3870 7861
3871 7863
3872 7865
3873 7867
3874 7869
3875 7871
3876 7873
3877 7875
3878 7877
3879 7879
3880 7881
3881 7883
3882 7885
3883 7887
3884 7889
3885 7891
3886 7893
3887 7895
3888 7897
3889 7899
3890 7901
3891 7903
3892 7905
3893 7907
3894 7909
3895 7911
3896 7913
3897 7915
3898 7917
3899 7919
3900 7921
3901 7923
3902 7925
3903 7927
3904 7929
3905 7931
3906 7933
3907 7935
3908 7937
3909 7939
3910 7941
3911 7943
3912 7945
3913 7947
3914 7949
3915 7951
3916 7953
3917 7955
3918 7957
3919 7959
3920 7961
3921 7963
3922 7965
3923 7967
3924 7969
3925 7971
3926 7973
3927 7975
3928 7977
3929 7979
3930 7981
3931 7983
3932 7985
3933 7987
3934 7989
3935 7991
3936 7993
3937 7995
3938 7997
3939 7999
3940 8001
3941 8003
3942 8005
3943 8007
3944 8009
3945 8011
3946 8013
3947 8015
3948 8017
3949 8019
3950 8021
3951 8023
3952 8025
3953 8027
3954 8029
3955 7351
3956 7353
3957 7355
3958 8037
3959 8039
3960 8041
3961 8043
3962 7365
3963 8047
3964 8049
3965 7371
3966 8053
3967 8055
3968 8057
3969 7379
3970 7381
3971 8063
3972 8065
3973 8067
3974 8069
3975 8071
3976 8073
3977 8075
3978 8077
3979 8079
3980 8081
3981 8083
3982 8085
3983 8087
3984 8089
3985 8091
3986 8093
3987 8095
3988 8097
3989 8099
3990 8101
3991 8103
3992 8105
3993 8107
3994 8109
3995 8111
3996 8113
3997 8115
3998 8117
3999 8119
4000 8121
