3 3
4 4
5 7
6 9
7 9
8 8
9 9
10 9
11 13
12 17
13 17
14 19
15 18
16 17
17 35
18 31
19 18
20 20
21 52
22 66
23 63
24 59
25 61
26 81
27 89
28 72
29 74
30 51
31 53
32 99
33 82
34 85
35 68
36 64
37 78
38 78
39 80
40 82
41 90
42 101
43 103
44 114
45 110
46 103
47 114
48 98
49 100
50 92
51 94
52 106
53 108
54 90
55 92
56 94
57 102
58 104
59 110
60 112
61 124
62 116
63 128
64 120
65 112
66 114
67 116
68 128
69 130
70 132
71 130
72 110
73 102
74 130
75 153
76 155
77 142
78 166
79 171
80 173
81 160
82 181
83 183
84 185
85 183
86 182
87 184
88 167
89 172
90 171
91 173
92 166
93 180
94 182
95 184
96 183
97 188
98 188
99 201
100 197
101 224
102 207
103 178
104 205
105 207
106 194
107 221
108 204
109 235
110 209
111 198
112 241
113 239
114 226
115 224
116 234
117 232
118 230
119 232
120 253
121 227
122 226
123 228
124 230
125 232
126 253
127 255
128 241
129 271
130 273
